309
315
317
320
321
327
329
330
332
333
335
340
344
348
349
351
379
390
850
851
931
937
939
942
943
950
952
953
955
956
958
964
968
972
973
875
1245
1247
1250
1253
1256
1258
1259
1262
1264
1266
1268
1269
1270
1271
1274
1280
1285
1298
1300
1301
1303
1305
1306
1308
1310
1312
1314
1322
1323
1324
1325
1326
1327
1328
1329
1330
1331
1332
1333
1334
1335
1336
1337
1338
1339
1340
1341
1342
1343
1344
1345
1346
1347
1348
1349
1350
1351
1352
1353
1354
1355
1356
1357
1358
1359
1360
1361
1362
1363
1364
1365
1366
1367
1368
1369
1370
1371
1386
1412
1504
1506
1507
1508
1509
1514
1516
1519
1520
1521
1522
1528
1532
1537
1539
1639
1800
1948
2155
2316
2490
2610
2634
2726
2863
2864
2865
2866
2867
2868
2869
2871
2872
2873
2874
2875
2876
2877
2878
2879
2880
2881
2882
2883
2884
2885
2886
2887
2888
2889
2890
2891
2892
2893
2931
2945
2996
3003